# Created by Octave 3.6.2, Thu Mar 21 11:01:11 2013 BRT <eduardo@eduardo-Inspiron-5420>
# name: k
# type: matrix
# rows: 1
# columns: 128
 0 0.04908738521234052 0.09817477042468103 0.1472621556370216 0.1963495408493621 0.2454369260617026 0.2945243112740431 0.3436116964863836 0.3926990816987241 0.4417864669110647 0.4908738521234052 0.5399612373357456 0.5890486225480862 0.6381360077604268 0.6872233929727672 0.7363107781851077 0.7853981633974483 0.8344855486097889 0.8835729338221293 0.9326603190344698 0.9817477042468103 1.030835089459151 1.079922474671491 1.129009859883832 1.178097245096172 1.227184630308513 1.276272015520854 1.325359400733194 1.374446785945534 1.423534171157875 1.472621556370215 1.521708941582556 1.570796326794897 1.619883712007237 1.668971097219578 1.718058482431918 1.767145867644259 1.816233252856599 1.86532063806894 1.91440802328128 1.963495408493621 2.012582793705961 2.061670178918302 2.110757564130642 2.159844949342983 2.208932334555323 2.258019719767664 2.307107104980004 2.356194490192345 2.405281875404685 2.454369260617026 2.503456645829366 2.552544031041707 2.601631416254047 2.650718801466388 2.699806186678729 2.748893571891069 2.797980957103409 2.84706834231575 2.89615572752809 2.945243112740431 2.994330497952772 3.043417883165112 3.092505268377453 3.141592653589793 -3.092505268377453 -3.043417883165112 -2.994330497952772 -2.945243112740431 -2.89615572752809 -2.84706834231575 -2.797980957103409 -2.748893571891069 -2.699806186678729 -2.650718801466388 -2.601631416254047 -2.552544031041707 -2.503456645829366 -2.454369260617026 -2.405281875404685 -2.356194490192345 -2.307107104980004 -2.258019719767664 -2.208932334555323 -2.159844949342983 -2.110757564130642 -2.061670178918302 -2.012582793705961 -1.963495408493621 -1.91440802328128 -1.86532063806894 -1.816233252856599 -1.767145867644259 -1.718058482431918 -1.668971097219578 -1.619883712007237 -1.570796326794897 -1.521708941582556 -1.472621556370215 -1.423534171157875 -1.374446785945534 -1.325359400733194 -1.276272015520854 -1.227184630308513 -1.178097245096172 -1.129009859883832 -1.079922474671491 -1.030835089459151 -0.9817477042468103 -0.9326603190344698 -0.8835729338221293 -0.8344855486097889 -0.7853981633974483 -0.7363107781851077 -0.6872233929727672 -0.6381360077604268 -0.5890486225480862 -0.5399612373357456 -0.4908738521234052 -0.4417864669110647 -0.3926990816987241 -0.3436116964863836 -0.2945243112740431 -0.2454369260617026 -0.1963495408493621 -0.1472621556370216 -0.09817477042468103 -0.04908738521234052


