# Created by Octave 3.6.2, Tue Mar 19 16:39:27 2013 BRT <eduardo@eduardo-Inspiron-5420>
# name: k
# type: matrix
# rows: 1
# columns: 256
 0 0.02454369260617026 0.04908738521234052 0.07363107781851078 0.09817477042468103 0.1227184630308513 0.1472621556370216 0.1718058482431918 0.1963495408493621 0.2208932334555323 0.2454369260617026 0.2699806186678728 0.2945243112740431 0.3190680038802134 0.3436116964863836 0.3681553890925539 0.3926990816987241 0.4172427743048944 0.4417864669110647 0.4663301595172349 0.4908738521234052 0.5154175447295755 0.5399612373357456 0.5645049299419159 0.5890486225480862 0.6135923151542565 0.6381360077604268 0.662679700366597 0.6872233929727672 0.7117670855789375 0.7363107781851077 0.760854470791278 0.7853981633974483 0.8099418560036186 0.8344855486097889 0.859029241215959 0.8835729338221293 0.9081166264282996 0.9326603190344698 0.9572040116406401 0.9817477042468103 1.006291396852981 1.030835089459151 1.055378782065321 1.079922474671491 1.104466167277662 1.129009859883832 1.153553552490002 1.178097245096172 1.202640937702343 1.227184630308513 1.251728322914683 1.276272015520854 1.300815708127024 1.325359400733194 1.349903093339364 1.374446785945534 1.398990478551705 1.423534171157875 1.448077863764045 1.472621556370215 1.497165248976386 1.521708941582556 1.546252634188726 1.570796326794897 1.595340019401067 1.619883712007237 1.644427404613407 1.668971097219578 1.693514789825748 1.718058482431918 1.742602175038088 1.767145867644259 1.791689560250429 1.816233252856599 1.840776945462769 1.86532063806894 1.88986433067511 1.91440802328128 1.938951715887451 1.963495408493621 1.988039101099791 2.012582793705961 2.037126486312132 2.061670178918302 2.086213871524472 2.110757564130642 2.135301256736812 2.159844949342983 2.184388641949153 2.208932334555323 2.233476027161494 2.258019719767664 2.282563412373834 2.307107104980004 2.331650797586175 2.356194490192345 2.380738182798515 2.405281875404685 2.429825568010856 2.454369260617026 2.478912953223196 2.503456645829366 2.528000338435537 2.552544031041707 2.577087723647877 2.601631416254047 2.626175108860218 2.650718801466388 2.675262494072558 2.699806186678729 2.724349879284899 2.748893571891069 2.773437264497239 2.797980957103409 2.82252464970958 2.84706834231575 2.87161203492192 2.89615572752809 2.920699420134261 2.945243112740431 2.969786805346601 2.994330497952772 3.018874190558942 3.043417883165112 3.067961575771282 3.092505268377453 3.117048960983623 3.141592653589793 -3.117048960983623 -3.092505268377453 -3.067961575771282 -3.043417883165112 -3.018874190558942 -2.994330497952772 -2.969786805346601 -2.945243112740431 -2.920699420134261 -2.89615572752809 -2.87161203492192 -2.84706834231575 -2.82252464970958 -2.797980957103409 -2.773437264497239 -2.748893571891069 -2.724349879284899 -2.699806186678729 -2.675262494072558 -2.650718801466388 -2.626175108860218 -2.601631416254047 -2.577087723647877 -2.552544031041707 -2.528000338435537 -2.503456645829366 -2.478912953223196 -2.454369260617026 -2.429825568010856 -2.405281875404685 -2.380738182798515 -2.356194490192345 -2.331650797586175 -2.307107104980004 -2.282563412373834 -2.258019719767664 -2.233476027161494 -2.208932334555323 -2.184388641949153 -2.159844949342983 -2.135301256736812 -2.110757564130642 -2.086213871524472 -2.061670178918302 -2.037126486312132 -2.012582793705961 -1.988039101099791 -1.963495408493621 -1.938951715887451 -1.91440802328128 -1.88986433067511 -1.86532063806894 -1.840776945462769 -1.816233252856599 -1.791689560250429 -1.767145867644259 -1.742602175038088 -1.718058482431918 -1.693514789825748 -1.668971097219578 -1.644427404613407 -1.619883712007237 -1.595340019401067 -1.570796326794897 -1.546252634188726 -1.521708941582556 -1.497165248976386 -1.472621556370215 -1.448077863764045 -1.423534171157875 -1.398990478551705 -1.374446785945534 -1.349903093339364 -1.325359400733194 -1.300815708127024 -1.276272015520854 -1.251728322914683 -1.227184630308513 -1.202640937702343 -1.178097245096172 -1.153553552490002 -1.129009859883832 -1.104466167277662 -1.079922474671491 -1.055378782065321 -1.030835089459151 -1.006291396852981 -0.9817477042468103 -0.9572040116406401 -0.9326603190344698 -0.9081166264282996 -0.8835729338221293 -0.859029241215959 -0.8344855486097889 -0.8099418560036186 -0.7853981633974483 -0.760854470791278 -0.7363107781851077 -0.7117670855789375 -0.6872233929727672 -0.662679700366597 -0.6381360077604268 -0.6135923151542565 -0.5890486225480862 -0.5645049299419159 -0.5399612373357456 -0.5154175447295755 -0.4908738521234052 -0.4663301595172349 -0.4417864669110647 -0.4172427743048944 -0.3926990816987241 -0.3681553890925539 -0.3436116964863836 -0.3190680038802134 -0.2945243112740431 -0.2699806186678728 -0.2454369260617026 -0.2208932334555323 -0.1963495408493621 -0.1718058482431918 -0.1472621556370216 -0.1227184630308513 -0.09817477042468103 -0.07363107781851078 -0.04908738521234052 -0.02454369260617026


